1	111
2	111
3	111
4	112
5	112
6	112
7	113
8	113
9	113
10	114
11	114
12	114
13	115
14	115
15	115
16	116
17	116
18	116
19	117
20	117
21	117
22	118
23	118
24	118
25	119
26	119
27	119
28	120
29	120
30	120
31	121
32	121
33	121
34	122
35	122
36	122
37	123
38	123
39	123
40	124
41	124
42	124
43	125
44	125
45	125
46	126
47	126
48	126
49	127
50	127
51	127
52	128
53	128
54	128
55	129
56	129
57	129
58	130
59	130
60	130
61	131
62	131
63	131
64	132
65	132
66	132
67	133
68	133
69	133
70	134
71	134
72	134
73	135
74	135
75	135
76	136
77	136
78	136
79	137
80	137
81	137
82	138
83	138
84	138
85	139
86	139
87	139
88	140
89	140
90	140
91	141
92	141
93	141
94	142
95	142
96	142
97	143
98	143
99	143
100	144
101	144
102	144
103	145
104	145
105	145
106	146
107	146
108	146
109	147
110	147
111	147
112	148
113	148
114	148
115	149
116	149
117	149
118	150
119	150
120	150
121	151
122	151
123	151
124	152
125	152
126	152
127	153
128	153
129	153
130	154
131	154
132	154
133	155
134	155
135	155
136	156
137	156
138	156
139	157
140	157
141	157
142	158
143	158
144	158
145	159
146	159
147	159
148	160
149	160
150	160
151	161
152	161
153	161
154	162
155	162
156	162
